68,49
68,48
68,47
68,46
68,45
68,44
68,43
68,42
68,41
68,40
68,39
68,38
68,37
68,36
68,35
3,2
10,176
10,194
10,114
10,248
10,316
10,242
10,96
10,198
11,22
11,17
11,28
11,27
11,13
9,7
9,4
9,1
9,6
9,2
9,3
8,14
8,13
8,8
8,7
8,2
8,3
33,3
33,2
33,1
33,0
30,3
30,2
30,1
30,0
23,3
23,2
23,1
20,3
20,2
20,1
17,3
17,2
17,1
16,3
19,2
19,1
16,2
16,1
15,3
19,3
15,2
15,1
14,2
13,2
12,3
12,2
12,1
11,26
11,24
11,21
11,16
11,15
11,7
11,4
11,3
11,2
11,1
10,272
10,262
10,252
10,232
10,222
10,200
10,190
10,184
18,1
10,178
